21,9|6,0:2->true
13,10|6,5:1->true
10,16|3,19:1->true
11,8|4,24:1->true
17,18|13,14:1->true
20,22|15,0:1->true
22,19|10,13:1->true
22,15|7,4:1->true
12,7|0,16:1->true
11,2|19,24:1->true
13,5|19,21:1->true
2,8|24,11:1->true
13,19|8,11:1->true
18,15|12,5:1->true
1,23|8,11:1->true
15,17|20,18:1->true
2,0|11,23:1->true
5,4|23,15:1->true
9,8|5,15:1->true
18,15|8,22:1->true
12,6|21,17:1->true
7,11|15,1:1->true
0,22|11,10:1->true
23,19|15,2:1->true
11,23|6,4:1->true
6,5|8,11:1->true
1,2|8,24:1->true
7,12|18,19:1->true
19,17|3,8:1->true
24,5|9,7:1->true
5,1|12,15:1->true
13,16|10,23:1->true
10,23|0,3:1->true
0,14|19,16:1->true
2,5|13,17:1->true
3,2|1,9:1->true
6,18|17,16:1->true
4,16|0,3:1->true
2,9|5,23:1->true
3,13|24,21:1->true
5,2|17,9:1->true
4,11|14,12:1->true
7,8|16,13:1->true
22,7|2,6:1->true
5,11|22,8:1->true
15,17|4,19:1->true
12,7|20,3:1->true
15,10|20,4:1->true
13,24|1,11:1->true
6,9|24,15:1->true
8,3|22,19:1->true
6,20|1,13:1->true
17,8|12,10:1->true
19,18|7,0:1->true
18,23|5,7:1->true
14,22|1,3:1->true
9,8|20,7:1->true
15,2|24,20:1->true
7,8|4,14:1->true
10,0|15,22:1->true
0,5|13,8:1->true
13,21|12,1:1->true
18,13|11,4:1->true
19,16|4,18:1->true
6,7|15,18:1->true
17,23|11,8:1->true
2,4|24,23:1->true
16,12|20,19:1->true
15,13|12,24:1->true
21,8|5,0:1->true
0,2|8,17:1->true
5,11|16,23:1->true
5,6|9,18:1->true
7,11|23,13:1->true
13,17|0,16:1->true
19,18|0,8:1->true
20,22|11,10:1->true
11,0|9,5:1->true
20,19|1,22:1->true
24,21|3,1:1->true
0,6|18,15:1->true
7,19|0,6:1->true
4,5|23,22:1->true
7,3|15,19:1->true
3,12|17,21:1->true
14,22|7,6:1->true
21,23|8,5:1->true
6,10|24,9:1->true
8,7|0,3:1->true
12,15|5,6:1->true
10,15|3,4:1->true
0,13|24,22:1->true
11,10|17,18:1->true
2,1|7,11:1->true
9,19|8,4:1->true
18,19|10,11:1->true
15,7|19,22:1->true
5,4|7,19:1->true
17,16|10,9:1->true
14,16|23,0:1->true
24,2|21,19:1->true
3,2|11,8:1->true
21,19|18,23:1->true
16,22|18,5:1->true
14,22|16,0:1->true
24,19|8,16:1->true
5,17|10,23:1->true
3,0|5,13:1->true
10,22|11,6:1->true
3,12|15,24:1->true
4,12|2,0:1->true
2,1|12,10:1->true
17,9|16,4:1->true
7,0|10,21:1->true
9,7|18,21:1->true
23,20|18,17:1->true
8,6|23,18:1->true
0,14|2,9:1->true
1,14|22,17:1->true
19,22|5,3:1->true
19,12|23,10:1->true
7,24|13,18:1->true
23,7|24,4:1->true
1,5|14,18:1->true
