((21,9),(6,0));
((21,9),(6,0));
((13,10),(6,5)); 
((10,16),(3,19)); 
((11,8),(4,24)); 
((17,18),(13,14)); 
((20,22),(15,0)); 
((22,19),(10,13)); 
((22,15),(7,4)); 
((12,7),(0,16)); 
((11,2),(19,24)); 
((13,5),(19,21)); 
((2,8),(24,11)); 
((13,19),(8,11)); 
((18,15),(12,5)); 
((1,23),(8,11)); 
((15,17),(20,18)); 
((2,0),(11,23)); 
((5,4),(23,15)); 
((9,8),(5,15)); 
((18,15),(8,22)); 
((12,6),(21,17)); 
((7,11),(15,1)); 
((0,22),(11,10)); 
((23,19),(15,2)); 
((11,23),(6,4)); 
((6,5),(8,11)); 
((1,2),(8,24)); 
((7,12),(18,19)); 
((19,17),(3,8)); 
((24,5),(9,7)); 
((5,1),(12,15)); 
((13,16),(10,23)); 
((10,23),(0,3)); 
((0,14),(19,16)); 
((2,5),(13,17)); 
((3,2),(1,9)); 
((6,18),(17,16)); 
((4,16),(0,3)); 
((2,9),(5,23)); 
((3,13),(24,21)); 
((5,2),(17,9)); 
((4,11),(14,12)); 
((7,8),(16,13)); 
((22,7),(2,6)); 
((5,11),(22,8)); 
((15,17),(4,19)); 
((12,7),(20,3)); 
((15,10),(20,4)); 
((13,24),(1,11)); 
((6,9),(24,15)); 
((8,3),(22,19)); 
((6,20),(1,13)); 
((17,8),(12,10)); 
((19,18),(7,0));
((18,23),(5,7)); 
((14,22),(1,3)); 
((9,8),(20,7)); 
((15,2),(24,20)); 
((7,8),(4,14)); 
((10,0),(15,22)); 
((0,5),(13,8)); 
((13,21),(12,1)); 
((18,13),(11,4)); 
((19,16),(4,18)); 
((6,7),(15,18)); 
((17,23),(11,8)); 
((2,4),(24,23)); 
((16,12),(20,19)); 
((15,13),(12,24)); 
((21,8),(5,0)); 
((0,2),(8,17)); 
((5,11),(16,23)); 
((5,6),(9,18)); 
((7,11),(23,13)); 
((13,17),(0,16)); 
((19,18),(0,8)); 
((20,22),(11,10)); 
((11,0),(9,5)); 
((20,19),(1,22)); 
((24,21),(3,1)); 
((0,6),(18,15)); 
((7,19),(0,6)); 
((4,5),(23,22)); 
((7,3),(15,19)); 
((3,12),(17,21)); 
((14,22),(7,6)); 
((21,23),(8,5)); 
((6,10),(24,9)); 
((8,7),(0,3)); 
((12,15),(5,6)); 
((10,15),(3,4)); 
((0,13),(24,22)); 
((11,10),(17,18)); 
((2,1),(7,11)); 
((9,19),(8,4)); 
((18,19),(10,11)); 
((15,7),(19,22)); 
((5,4),(7,19)); 
((17,16),(10,9)); 
((14,16),(23,0)); 
((24,2),(21,19)); 
((3,2),(11,8)); 
((21,19),(18,23)); 
((16,22),(18,5)); 
((14,22),(16,0)); 
((24,19),(8,16)); 
((5,17),(10,23)); 
((3,0),(5,13)); 
((10,22),(11,6)); 
((3,12),(15,24)); 
((4,12),(2,0)); 
((2,1),(12,10)); 
((17,9),(16,4)); 
((7,0),(10,21)); 
((9,7),(18,21)); 
((23,20),(18,17)); 
((8,6),(23,18)); 
((0,14),(2,9)); 
((1,14),(22,17)); 
((19,22),(5,3)); 
((19,12),(23,10)); 
((7,24),(13,18)); 
((23,7),(24,4)); 
((1,5),(14,18));