((8,13),(19,24));
((12,8),(16,20));
((12,22),(1,3));
((17,9),(4,3));
((13,16),(19,23));
((8,16),(0,5));
((2,22),(12,11));
((7,6),(21,23));
((14,4),(7,9));
((21,18),(6,9));
((8,7),(16,15));
((7,2),(21,16));
((6,7),(18,24));
((21,10),(8,7));
((23,22),(13,12));
((24,19),(3,7));
((15,22),(9,2));
((15,7),(0,6));
((19,21),(18,6));
((24,15),(4,0));
((1,4),(23,15));
((10,8),(4,23));
((1,5),(9,17));
((8,11),(2,3));
((15,23),(11,7));
((2,0),(5,21));
((12,8),(22,13));
((3,5),(15,20));
((15,22),(0,4));
((13,24),(0,5));
((11,13),(3,1));
((22,13),(11,1));
((22,12),(18,14));
((8,12),(17,2));
((10,8),(4,3));
((12,2),(5,4));
((22,7),(2,3));
((7,8),(5,6));
((8,6),(21,18));
((15,24),(7,10));
((5,16),(23,19));
((4,24),(18,13));
((24,2),(14,18));
((16,17),(13,9));
((3,22),(13,15));
((16,12),(21,23));
((7,24),(19,20));
((14,7),(22,20));
((4,3),(21,22));
((8,11),(17,13));
((5,0),(7,21));
((18,24),(21,19));
((11,12),(23,13));
((4,2),(17,7));
((4,21),(17,16));
((5,12),(7,9));
((8,9),(0,20));
((12,20),(23,24));
((20,11),(22,23));
((1,5),(19,14));
((5,4),(21,9));
((21,8),(17,18));
((21,19),(16,18));
((16,21),(12,8));
((10,20),(16,18));
((17,23),(10,1));
((17,11),(0,3));
((17,15),(8,9));
((6,22),(10,11));
((21,19),(16,4));
((8,20),(10,11));
((3,0),(10,14));
((4,10),(1,0));
((4,17),(24,20));
((19,0),(8,10));
((16,17),(0,14));
((1,4),(14,10));
((10,9),(1,21));
((9,12),(3,16));
((6,22),(13,15));
((2,0),(8,13));
((23,19),(6,18));
((15,1),(11,10));
((10,1),(14,21));
((0,2),(23,24));
((17,15),(23,21));
((21,23),(15,16));
((0,16),(20,23));
((0,15),(1,8));
((5,12),(4,10));
((19,9),(17,0));
((20,15),(11,18));
((12,15),(20,16));
((9,4),(10,24));
((19,9),(16,1));
((22,21),(24,10));
((7,2),(9,5));
((15,19),(2,20));
((24,10),(19,6));
((1,11),(7,10));
((5,20),(10,19));
((10,0),(19,2));
((1,13),(9,14));
((15,23),(2,20));
((13,22),(14,18));
((18,10),(15,9));
((7,14),(1,15));
((24,19),(22,16));
((2,12),(21,11));
((7,3),(9,21));
((15,24),(7,21));
((1,7),(5,11));
((6,17),(19,16));
((5,13),(8,20));
((1,7),(13,9));
((15,3),(19,5));
((14,22),(17,8));
((14,4),(15,23));
((5,18),(9,19));
((7,3),(8,16));
((4,15),(2,20));
((14,11),(24,5));
((20,16),(14,18));
((9,21),(12,14));
((20,11),(23,5));
