((12,6),(21,17));
((0,5),(13,8));
((8,6),(23,18));
((18,19),(10,11));
((9,7),(18,21));
((5,2),(17,9));
((13,19),(8,11));
((7,8),(16,13));
((15,7),(19,22));
((22,15),(7,4));
((18,23),(5,7));
((11,2),(19,24));
((5,1),(12,15));
((3,12),(17,21));
((22,19),(10,13));
((7,11),(15,1));
((7,19),(0,6));
((13,16),(10,23));
((21,19),(18,23));
((2,1),(7,11));
((3,13),(24,21));
((19,18),(0,8));
((15,17),(4,19));
((2,4),(24,23));
((14,16),(23,0));
((7,12),(18,19));
((17,16),(10,9));
((1,5),(14,18));
((11,10),(17,18));
((7,24),(13,18));
((18,15),(8,22));
((17,23),(11,8));
((5,11),(16,23));
((21,9),(6,0));
((19,18),(7,0));
((20,19),(1,22));
((16,12),(20,19));
((20,22),(11,10));
((2,5),(13,17));
((24,21),(3,1));
((5,4),(7,19));
((3,2),(11,8));
((7,11),(23,13));
((3,2),(1,9));
((9,8),(5,15));
((0,22),(11,10));
((12,7),(0,16));
((0,6),(18,15));
((8,3),(22,19));
((19,17),(3,8));
((4,5),(23,22));
((6,7),(15,18));
((22,7),(2,6));
((10,15),(3,4));
((12,7),(20,3));
((17,8),(12,10));
((0,6),(21,9));
((13,10),(6,5));
((13,5),(19,21));
((3,12),(15,24));
((7,3),(15,19));
((13,21),(12,1));
((11,8),(4,24));
((18,13),(11,4));
((24,19),(8,16));
((18,15),(12,5));
((21,8),(5,0));
((17,18),(13,14));
((6,5),(8,11));
((6,18),(17,16));
((14,22),(1,3));
((15,13),(12,24));
((0,2),(8,17));
((5,4),(23,15));
((2,1),(12,10));
((24,2),(21,19));
((7,8),(4,14));
((20,22),(15,0));
((5,6),(9,18));
((8,7),(0,3));
((10,0),(15,22));
((21,23),(8,5));
((12,15),(5,6));
((14,22),(7,6));
((23,20),(18,17));
((1,2),(8,24));
((2,0),(11,23));
((10,23),(0,3));
((1,23),(8,11));
((4,12),(2,0));
((15,2),(24,20));
((23,19),(15,2));
((3,0),(5,13));
((11,23),(6,4));
((0,13),(24,22));
((19,22),(5,3));
((24,5),(9,7));
((13,24),(1,11));
((4,16),(0,3));
((6,9),(24,15));
((11,0),(9,5));
((14,22),(16,0));
((9,19),(8,4));
((15,10),(20,4));
((2,9),(5,23));
((2,8),(24,11));
((5,17),(10,23));
((4,11),(14,12));
((0,14),(2,9));
((23,7),(24,4));
((6,10),(24,9));
((17,9),(16,4));
((19,16),(4,18));
((9,8),(20,7));
((10,22),(11,6));
((1,14),(22,17));
((15,17),(20,18));
((5,11),(22,8));
((10,16),(3,19));
((16,22),(18,5));
((19,12),(23,10));
((0,14),(19,16));
((7,0),(10,21));
((13,17),(0,16));
((6,20),(1,13));
